Attribute,Value
Market Cap (intraday) 5,5.85B
Enterprise Value 3,2.78B
Trailing P/E,8.26
Forward P/E 1,
PEG Ratio (5 yr expected) 1,
Price/Sales (ttm),0.48
Price/Book (mrq),1.44
Enterprise Value/Revenue 3,0.23
Enterprise Value/EBITDA 6,2.25
Beta (5Y Monthly),1.51
52-Week Change 3,-42.15%
S&P500 52-Week Change 3,-1.15%
52 Week High 3,1705.00
52 Week Low 3,624.00
50-Day Moving Average 3,810.35
200-Day Moving Average 3,1204.70
Avg Vol (3 month) 3,38.19k
Avg Vol (10 day) 3,38.53k
Shares Outstanding 5,6.75M
Float,5.18M
% Held by Insiders 1,
% Held by Institutions 1,
Shares Short 4,
Short Ratio 4,
Short % of Float 4,
Short % of Shares Outstanding 4,
Shares Short (prior month ) 4,
Forward Annual Dividend Rate 4,90
Forward Annual Dividend Yield 4,10.48%
Trailing Annual Dividend Rate 3,40.00
Trailing Annual Dividend Yield 3,4.66%
5 Year Average Dividend Yield 4,2.45
Payout Ratio 4,38.05%
Dividend Date 3,
Ex-Dividend Date 4,"Sep 29, 2020"
Last Split Factor 2,100:1
Last Split Date 3,"Mar 27, 2014"
Fiscal Year Ends,"Sep 30, 2019"
Most Recent Quarter (mrq),"Dec 31, 2019"
Profit Margin,5.76%
Operating Margin (ttm),7.96%
Return on Assets (ttm),11.06%
Return on Equity (ttm),18.24%
Revenue (ttm),12.31B
Revenue Per Share (ttm),1827.01
Quarterly Revenue Growth (yoy),5.70%
Gross Profit (ttm),7.54B
EBITDA,1.23B
Net Income Avi to Common (ttm),709M
Diluted EPS (ttm),105.00
Quarterly Earnings Growth (yoy),-18.20%
Total Cash (mrq),3.08B
Total Cash Per Share (mrq),456.29
Total Debt (mrq),59M
Total Debt/Equity (mrq),1.45
Current Ratio (mrq),2.90
Book Value Per Share (mrq),603.99
Operating Cash Flow (ttm),
Levered Free Cash Flow (ttm),
